Monthly Teleconnection Index: West Pacific Pattern                                                            
Indices are normalized using the 1981-2010 base period monthly means and standard deviations.

Values are set to -99.90 for calendar months when the pattern
is not normally a leading mode of variability.

The data is written in format(i4,3x,i2,1x,f6.2).

YEAR MONTH INDEX
1950    1  -1.69
1950    2  -1.36
1950    3  -0.38
1950    4  -0.50
1950    5   0.23
1950    6   1.31
1950    7   1.80
1950    8   1.08
1950    9   1.36
1950   10   1.45
1950   11  -0.37
1950   12   0.07
1951    1  -0.07
1951    2  -0.58
1951    3  -0.29
1951    4  -0.19
1951    5   0.70
1951    6   0.10
1951    7   0.88
1951    8   0.73
1951    9  -3.45
1951   10  -0.47
1951   11   0.62
1951   12   0.20
1952    1   1.43
1952    2   0.88
1952    3   0.06
1952    4   0.28
1952    5   0.93
1952    6   1.08
1952    7  -1.02
1952    8  -1.43
1952    9  -1.94
1952   10   1.39
1952   11   0.61
1952   12   0.71
1953    1  -1.24
1953    2   1.38
1953    3   0.58
1953    4  -1.86
1953    5  -0.51
1953    6  -0.57
1953    7  -1.10
1953    8   1.04
1953    9  -0.86
1953   10   0.36
1953   11  -0.44
1953   12   0.84
1954    1  -0.26
1954    2  -0.67
1954    3   0.66
1954    4  -0.53
1954    5   1.39
1954    6  -1.63
1954    7  -0.34
1954    8   1.89
1954    9   0.94
1954   10  -2.15
1954   11  -0.88
1954   12  -1.42
1955    1   0.40
1955    2  -0.66
1955    3   0.51
1955    4   1.18
1955    5  -0.26
1955    6   0.70
1955    7   1.72
1955    8  -1.19
1955    9   1.29
1955   10   1.20
1955   11  -1.13
1955   12  -1.28
1956    1  -2.87
1956    2  -1.65
1956    3   0.11
1956    4   0.73
1956    5   2.00
1956    6  -0.81
1956    7   0.58
1956    8   0.50
1956    9  -0.38
1956   10   1.65
1956   11  -1.30
1956   12  -2.76
1957    1  -0.47
1957    2  -1.96
1957    3  -1.42
1957    4   0.52
1957    5   0.46
1957    6  -2.00
1957    7  -0.73
1957    8   1.87
1957    9  -1.76
1957   10   1.13
1957   11  -0.49
1957   12   1.11
1958    1   0.26
1958    2  -1.33
1958    3   0.76
1958    4   0.89
1958    5   1.91
1958    6   1.51
1958    7   1.62
1958    8  -0.16
1958    9  -1.67
1958   10   1.16
1958   11   1.34
1958   12  -0.24
1959    1  -0.91
1959    2   0.74
1959    3  -0.51
1959    4  -0.05
1959    5  -0.64
1959    6  -1.05
1959    7  -0.72
1959    8  -1.67
1959    9  -1.58
1959   10  -1.99
1959   11  -1.31
1959   12   0.62
1960    1  -0.03
1960    2   0.54
1960    3  -1.48
1960    4  -0.21
1960    5  -0.10
1960    6   0.45
1960    7   0.02
1960    8   0.60
1960    9   0.40
1960   10   0.84
1960   11  -0.51
1960   12   0.08
1961    1  -0.61
1961    2  -1.26
1961    3  -0.16
1961    4   0.37
1961    5   1.44
1961    6   1.47
1961    7   2.13
1961    8   0.88
1961    9   1.09
1961   10   0.69
1961   11   0.14
1961   12  -2.92
1962    1  -1.92
1962    2  -0.13
1962    3  -0.30
1962    4  -1.18
1962    5   0.24
1962    6   2.00
1962    7   1.13
1962    8   1.60
1962    9   0.41
1962   10   0.62
1962   11   0.16
1962   12  -0.68
1963    1  -3.28
1963    2  -2.32
1963    3  -0.93
1963    4   0.96
1963    5   2.03
1963    6   2.72
1963    7   1.99
1963    8   0.96
1963    9  -0.12
1963   10   1.47
1963   11  -1.45
1963   12   0.02
1964    1  -0.16
1964    2   0.01
1964    3  -0.29
1964    4   1.99
1964    5   0.19
1964    6  -0.88
1964    7   1.86
1964    8   1.23
1964    9   0.46
1964   10   1.41
1964   11  -0.79
1964   12  -0.43
1965    1  -1.00
1965    2  -1.04
1965    3  -1.17
1965    4   0.49
1965    5   1.18
1965    6   1.19
1965    7   2.64
1965    8   1.62
1965    9  -1.29
1965   10   1.57
1965   11   1.56
1965   12   0.38
1966    1   0.42
1966    2   0.73
1966    3  -0.76
1966    4   0.08
1966    5   0.51
1966    6  -1.03
1966    7   2.82
1966    8  -0.34
1966    9   0.55
1966   10  -0.96
1966   11   0.95
1966   12  -1.34
1967    1   0.86
1967    2   0.00
1967    3   0.02
1967    4   1.51
1967    5  -1.38
1967    6  -0.40
1967    7   0.31
1967    8   0.15
1967    9   0.01
1967   10  -0.80
1967   11  -0.59
1967   12  -0.56
1968    1  -2.08
1968    2  -3.18
1968    3  -0.04
1968    4  -0.91
1968    5  -0.93
1968    6  -1.19
1968    7   1.18
1968    8   0.64
1968    9  -0.72
1968   10   0.97
1968   11  -0.97
1968   12   0.64
1969    1  -0.71
1969    2   0.61
1969    3   0.56
1969    4   1.58
1969    5   1.65
1969    6   1.37
1969    7  -0.61
1969    8  -2.18
1969    9   0.25
1969   10   0.32
1969   11  -0.36
1969   12   0.57
1970    1  -2.17
1970    2   0.01
1970    3  -0.29
1970    4   0.87
1970    5  -0.15
1970    6  -0.13
1970    7   1.00
1970    8   1.01
1970    9  -1.50
1970   10   1.40
1970   11   0.50
1970   12   0.57
1971    1  -2.51
1971    2  -1.65
1971    3  -0.15
1971    4  -0.08
1971    5   0.76
1971    6   1.64
1971    7   0.77
1971    8  -0.87
1971    9  -0.48
1971   10   0.86
1971   11   0.31
1971   12   0.45
1972    1  -0.05
1972    2  -2.26
1972    3  -1.87
1972    4  -0.01
1972    5   1.23
1972    6   2.06
1972    7  -0.32
1972    8   1.09
1972    9  -1.61
1972   10   0.51
1972   11   0.19
1972   12   0.71
1973    1   0.47
1973    2   1.12
1973    3   0.56
1973    4   1.33
1973    5   0.71
1973    6  -1.34
1973    7   0.42
1973    8   0.06
1973    9   0.06
1973   10   0.90
1973   11   0.29
1973   12   0.43
1974    1  -3.37
1974    2  -0.78
1974    3  -1.26
1974    4  -0.19
1974    5   0.36
1974    6  -0.13
1974    7   0.81
1974    8   0.24
1974    9  -0.40
1974   10  -0.22
1974   11   0.42
1974   12  -0.89
1975    1  -0.46
1975    2  -0.77
1975    3  -0.46
1975    4   0.37
1975    5  -0.45
1975    6  -0.61
1975    7   1.59
1975    8   0.32
1975    9   0.22
1975   10   0.00
1975   11   1.04
1975   12  -1.01
1976    1  -0.71
1976    2  -0.39
1976    3  -0.06
1976    4   0.92
1976    5   1.19
1976    6   1.28
1976    7   2.35
1976    8   1.22
1976    9   0.10
1976   10  -0.66
1976   11   0.23
1976   12  -1.11
1977    1  -1.08
1977    2   0.08
1977    3   1.83
1977    4   0.97
1977    5  -0.43
1977    6   0.17
1977    7   0.96
1977    8   0.77
1977    9   2.13
1977   10   1.67
1977   11  -0.27
1977   12  -0.67
1978    1  -0.01
1978    2  -0.15
1978    3  -1.26
1978    4   0.18
1978    5  -0.04
1978    6   3.39
1978    7   2.46
1978    8   0.66
1978    9   0.92
1978   10  -0.76
1978   11   0.10
1978   12   1.30
1979    1   1.43
1979    2  -0.66
1979    3  -0.29
1979    4   0.85
1979    5  -0.13
1979    6   1.56
1979    7   1.72
1979    8   1.57
1979    9   0.35
1979   10   0.71
1979   11   2.48
1979   12   0.03
1980    1  -1.71
1980    2  -0.50
1980    3   1.09
1980    4   0.72
1980    5   1.85
1980    6   3.29
1980    7   0.36
1980    8  -1.39
1980    9  -1.68
1980   10   0.68
1980   11   0.33
1980   12  -2.41
1981    1  -0.82
1981    2  -0.30
1981    3   0.35
1981    4   0.22
1981    5   0.16
1981    6  -2.09
1981    7   0.82
1981    8  -0.96
1981    9  -0.59
1981   10  -0.79
1981   11  -0.51
1981   12   0.74
1982    1   0.03
1982    2  -1.57
1982    3   0.84
1982    4  -0.52
1982    5   0.67
1982    6   1.88
1982    7   0.05
1982    8   0.41
1982    9  -0.03
1982   10   0.53
1982   11   0.52
1982   12   1.42
1983    1  -0.05
1983    2  -0.89
1983    3  -1.14
1983    4   1.09
1983    5   0.50
1983    6  -1.78
1983    7   0.37
1983    8  -1.00
1983    9  -1.73
1983   10   0.54
1983   11  -0.41
1983   12  -0.80
1984    1  -1.67
1984    2  -0.33
1984    3  -1.04
1984    4  -0.91
1984    5  -1.73
1984    6   0.80
1984    7   0.52
1984    8   0.24
1984    9   0.17
1984   10  -1.51
1984   11   0.16
1984   12   0.60
1985    1  -0.61
1985    2  -1.12
1985    3   1.81
1985    4  -0.53
1985    5   0.72
1985    6   0.37
1985    7   0.24
1985    8   0.31
1985    9  -0.40
1985   10   0.09
1985   11  -0.97
1985   12  -0.96
1986    1  -0.36
1986    2  -1.97
1986    3  -1.16
1986    4   0.04
1986    5   0.28
1986    6  -0.08
1986    7  -0.04
1986    8  -0.65
1986    9   0.69
1986   10  -0.27
1986   11  -0.56
1986   12  -0.17
1987    1   1.57
1987    2   0.37
1987    3   0.22
1987    4   0.48
1987    5   1.77
1987    6   1.73
1987    7   0.60
1987    8  -0.49
1987    9   1.44
1987   10   0.93
1987   11   0.15
1987   12   1.75
1988    1   1.83
1988    2   0.30
1988    3   0.53
1988    4  -0.20
1988    5  -0.15
1988    6  -0.25
1988    7  -1.47
1988    8   0.78
1988    9  -0.83
1988   10  -0.56
1988   11  -0.96
1988   12  -0.67
1989    1   1.26
1989    2   0.53
1989    3  -1.98
1989    4  -0.28
1989    5   0.36
1989    6  -0.62
1989    7   0.89
1989    8   2.52
1989    9   0.44
1989   10   1.50
1989   11  -0.47
1989   12  -1.98
1990    1   1.37
1990    2   0.24
1990    3  -0.13
1990    4  -0.84
1990    5   0.17
1990    6   0.77
1990    7   0.42
1990    8   0.59
1990    9   0.68
1990   10   0.11
1990   11   0.59
1990   12   0.61
1991    1  -1.30
1991    2  -0.78
1991    3   1.83
1991    4   0.70
1991    5   0.56
1991    6   0.63
1991    7  -1.73
1991    8  -1.15
1991    9  -0.58
1991   10  -0.32
1991   11  -0.94
1991   12   0.29
1992    1   0.35
1992    2  -0.81
1992    3   1.12
1992    4  -0.62
1992    5  -0.21
1992    6  -0.17
1992    7   1.17
1992    8   1.19
1992    9  -1.02
1992   10   0.81
1992   11   1.26
1992   12   0.08
1993    1  -0.22
1993    2   0.24
1993    3  -0.48
1993    4  -1.67
1993    5   0.96
1993    6   0.04
1993    7  -0.31
1993    8   0.52
1993    9  -0.44
1993   10   1.14
1993   11   0.83
1993   12   0.89
1994    1   0.47
1994    2  -1.16
1994    3  -0.22
1994    4  -0.14
1994    5   1.08
1994    6   0.48
1994    7   1.11
1994    8   2.59
1994    9  -0.93
1994   10   0.46
1994   11   0.77
1994   12   0.27
1995    1  -0.18
1995    2  -2.05
1995    3  -1.04
1995    4   0.72
1995    5   0.91
1995    6  -1.32
1995    7   0.83
1995    8  -0.74
1995    9   0.05
1995   10  -0.42
1995   11  -1.76
1995   12  -1.72
1996    1  -0.92
1996    2   0.07
1996    3  -0.30
1996    4  -2.12
1996    5  -1.46
1996    6  -0.09
1996    7   1.66
1996    8  -1.18
1996    9  -1.41
1996   10  -0.78
1996   11   0.26
1996   12   0.60
1997    1  -2.31
1997    2  -0.24
1997    3  -0.16
1997    4  -1.04
1997    5   1.21
1997    6  -0.67
1997    7   0.40
1997    8  -0.34
1997    9   0.38
1997   10  -2.15
1997   11   1.84
1997   12   0.91
1998    1   0.06
1998    2   0.67
1998    3   1.04
1998    4   2.32
1998    5   1.88
1998    6  -0.34
1998    7  -0.40
1998    8  -0.02
1998    9   1.81
1998   10   1.32
1998   11   0.34
1998   12   0.60
1999    1   0.08
1999    2   1.51
1999    3   1.19
1999    4   1.30
1999    5  -0.30
1999    6   0.32
1999    7   0.26
1999    8   1.12
1999    9   0.60
1999   10  -0.45
1999   11   1.91
1999   12  -1.12
2000    1  -0.21
2000    2  -0.41
2000    3   0.01
2000    4  -1.30
2000    5  -1.46
2000    6   0.57
2000    7   1.07
2000    8  -0.86
2000    9   0.52
2000   10   1.14
2000   11  -0.23
2000   12  -0.68
2001    1   0.42
2001    2   1.57
2001    3  -1.05
2001    4   1.10
2001    5  -1.16
2001    6   0.41
2001    7  -0.32
2001    8  -0.27
2001    9   2.28
2001   10  -0.58
2001   11   0.79
2001   12  -0.35
2002    1  -0.04
2002    2   0.87
2002    3   0.73
2002    4   0.21
2002    5  -0.79
2002    6  -0.72
2002    7  -1.06
2002    8  -1.64
2002    9   0.79
2002   10  -2.12
2002   11  -1.51
2002   12   0.54
2003    1  -0.14
2003    2   0.17
2003    3  -1.01
2003    4   1.58
2003    5   0.03
2003    6   0.76
2003    7  -1.94
2003    8  -0.90
2003    9  -2.17
2003   10  -0.42
2003   11   0.69
2003   12   0.80
2004    1  -1.58
2004    2   0.60
2004    3   0.13
2004    4   0.49
2004    5   0.40
2004    6   2.08
2004    7   0.34
2004    8  -0.03
2004    9   0.26
2004   10   0.89
2004   11   0.65
2004   12   0.20
2005    1  -0.93
2005    2   0.34
2005    3  -0.22
2005    4  -0.18
2005    5  -0.08
2005    6   0.79
2005    7  -1.20
2005    8   0.35
2005    9   0.57
2005   10   1.00
2005   11  -1.84
2005   12  -2.04
2006    1   0.71
2006    2   2.06
2006    3   0.49
2006    4   0.56
2006    5   0.19
2006    6  -1.15
2006    7  -1.00
2006    8  -0.16
2006    9   0.05
2006   10   0.67
2006   11  -1.84
2006   12   1.18
2007    1   1.81
2007    2   0.15
2007    3  -1.06
2007    4  -1.61
2007    5  -0.66
2007    6  -0.17
2007    7  -0.09
2007    8   0.02
2007    9   1.20
2007   10   0.40
2007   11  -0.04
2007   12   0.37
2008    1   0.92
2008    2   0.01
2008    3  -1.35
2008    4   0.28
2008    5  -0.66
2008    6  -0.36
2008    7   0.02
2008    8  -1.32
2008    9  -0.83
2008   10   0.19
2008   11   0.33
2008   12   1.01
2009    1   0.01
2009    2   1.71
2009    3   0.22
2009    4   0.02
2009    5  -0.67
2009    6  -1.74
2009    7   1.20
2009    8   0.66
2009    9  -1.02
2009   10  -2.05
2009   11   1.27
2009   12  -1.07
2010    1   0.47
2010    2   0.23
2010    3   1.83
2010    4   0.88
2010    5  -2.50
2010    6  -0.08
2010    7  -2.38
2010    8   0.41
2010    9   0.05
2010   10   0.67
2010   11  -0.33
2010   12  -1.26
2011    1  -1.37
2011    2  -0.13
2011    3  -0.10
2011    4  -1.93
2011    5   0.38
2011    6   0.81
2011    7  -0.27
2011    8  -0.51
2011    9   0.51
2011   10   1.06
2011   11   0.39
2011   12  -0.39
2012    1  -1.58
2012    2   1.01
2012    3   0.82
2012    4  -0.29
2012    5  -1.66
2012    6  -1.39
2012    7   0.58
2012    8  -0.07
2012    9   0.69
2012   10  -2.53
2012   11  -2.02
2012   12  -0.58
2013    1   0.07
2013    2   1.49
2013    3   0.59
2013    4  -1.86
2013    5  -1.13
2013    6  -0.47
2013    7  -0.88
2013    8  -0.17
2013    9   1.93
2013   10  -0.09
2013   11  -0.04
2013   12  -2.01
2014    1   0.54
2014    2  -1.37
2014    3  -0.43
2014    4  -1.36
2014    5  -0.85
2014    6  -0.30
2014    7  -1.63
2014    8  -0.77
2014    9  -1.23
2014   10  -0.32
2014   11   0.13
2014   12  -0.13
2015    1  -0.22
2015    2  -1.37
2015    3   0.41
2015    4   1.23
2015    5   2.14
2015    6  -0.03
2015    7   0.77
2015    8  -1.50
2015    9  -1.38
2015   10  -0.75
2015   11   0.77
2015   12   0.56
2016    1   0.96
2016    2   1.61
2016    3  -0.20
2016    4  -0.26
2016    5   0.62
2016    6  -0.62
2016    7  -1.42
2016    8  -0.37
2016    9  -1.75
2016   10   0.54
2016   11   1.01
2016   12   0.97
2017    1   0.55
2017    2  -0.15
2017    3  -2.13
2017    4  -0.36
2017    5   0.68
2017    6  -0.75
2017    7   0.46
2017    8  -1.38
2017    9  -1.23
2017   10   0.70
2017   11   0.70
2017   12   0.33
2018    1   0.43
2018    2   0.40
2018    3   0.84
2018    4  -0.67
2018    5  -0.19
2018    6  -0.44
2018    7  -0.81
2018    8  -1.38
2018    9  -1.78
2018   10  -1.14
2018   11  -0.61
2018   12   0.11
2019    1   1.05
2019    2   2.09
2019    3   0.88
2019    4  -1.30
2019    5  -0.63
2019    6  -1.92
2019    7  -0.27
2019    8  -2.19
2019    9   0.86
2019   10  -0.81
2019   11  -0.12
2019   12   0.74
2020    1   0.69
2020    2   1.46
2020    3   1.29
2020    4  -1.34
2020    5   0.12
2020    6  -1.25
2020    7  -0.54
2020    8  -0.21
2020    9  -2.44
2020   10  -1.18
2020   11   0.72
2020   12   0.99
2021    1   2.45
2021    2   0.76
2021    3   2.05
2021    4  -0.12
2021    5   0.18
